82228.8594   91294.9922   89115.2422   74935.9219   96161.2891   94817.5078   101976.8594   95562.3672   83711.1875   106661.9688   102552.5859   94618.7812   101107.9766   110411.4219   91753.8594   93730.6328   81438.7344   94114.7344   107411.9453   83244.5703   85376.9062   86167.5859   101236.0938   97602.6016   119039.2031   87190.1562   94155.2266   109233.7734   98531.7891   82046.2812   76754.9844   87454.9922   
58694.6836   60620.4336   64652.0508   60729.5742   70055.4922   67817.1641   77797.7578   68454.7734   73401.1719   81299.1250   72286.0938   75859.3125   74758.9453   76709.6094   61472.9297   61580.3867   60694.4062   76972.6094   79229.5000   63200.3633   72742.1094   60726.3398   77295.9219   71095.3281   85100.6719   70849.8203   67140.4609   90170.5156   71612.9531   60893.6016   43416.0195   63510.3320   
68766.8672   66239.3438   71344.0078   62053.3750   88104.7422   75695.9453   88004.2344   68015.3594   67268.5547   89065.5938   73650.1562   80093.2422   90717.8750   82710.9688   76310.8516   70488.8906   69034.5000   86571.3281   84033.2500   73667.1875   66021.2109   70075.1562   80791.3750   80598.7031   92592.8984   71273.5625   69681.0547   85391.6406   69854.2266   60255.5117   60671.6172   73210.8906   
65849.9219   80328.3047   69627.9844   66625.0781   80112.1875   73497.5547   82587.5469   76302.5938   68061.8594   84783.6016   78156.9844   82535.6406   90157.9766   90223.3125   74161.2188   73099.2031   67829.5781   77904.0625   85691.4688   75481.9766   75211.3516   80243.1484   87456.4141   89319.2812   95808.8281   75370.9062   75969.5547   96819.4609   81207.4531   59993.6250   58989.2773   83764.8984   
79275.5078   92548.4219   80518.6328   74777.8984   99687.5234   99390.4844   88801.4453   91249.5156   83603.6172   103813.0391   99826.6406   97260.8438   103256.3516   104801.9688   91328.0312   84650.9688   91362.6016   91598.7266   111282.3594   89446.3359   86172.6562   80372.0703   94789.0000   100795.7812   111226.5938   90141.1562   89217.9844   105244.2500   107101.1641   80864.8672   64954.2266   94709.1641   
87645.2734   92824.0000   86511.2656   88125.7422   102218.8203   92964.7969   101705.2812   101188.8281   88630.9141   110310.0078   106491.5078   109299.0938   108028.0547   111263.0859   100122.6250   87803.3125   91928.4062   93848.0312   116002.4062   94056.5312   91956.6953   89419.0781   106592.5703   102546.1250   124629.3281   96285.3828   99711.6406   125932.3438   104309.9297   74532.2734   67836.7734   84020.0938   
74999.0625   77158.3828   76706.6641   77670.3438   90049.2578   70481.1953   95462.3516   80969.6875   74165.9922   96023.9688   99161.7500   94706.6094   102214.2500   96075.0469   81957.2812   79722.1172   70188.6719   97648.9062   98692.1797   71847.3281   83253.9062   75079.2188   92180.7109   90167.0703   105418.0703   82328.2891   75683.9844   114532.3125   90260.3516   68682.1016   63509.3438   82534.0000   
54517.5273   74640.2109   65230.5586   53722.9648   77537.5625   78463.3516   69343.6406   69100.4453   66234.0391   82607.4062   72667.4062   78401.1719   76125.2344   77478.5625   75939.0391   67251.0781   70414.7188   66465.3828   76006.3594   68292.1719   68121.9922   70117.1875   73680.8203   75544.5078   82665.0781   70252.9297   69705.5703   81183.9531   75684.9375   56899.5508   51255.0430   65092.0312   
66255.3672   73015.7344   68862.2422   58907.8359   89061.5703   75456.3906   78874.3828   75847.6016   67542.5781   84686.7422   78629.1094   77347.5547   85311.3203   84312.2812   74290.9688   74396.4453   68596.8828   76739.6094   84285.8125   74565.7734   68321.7891   68632.0547   84967.0312   82574.8047   93468.2891   69404.9766   74559.0078   90393.2031   80488.8281   61411.5078   59481.5703   74473.5312   
60439.8750   73346.9609   65334.4141   65779.9141   86809.6719   70537.6016   84938.6797   70465.1406   75555.6250   89544.2656   87309.1797   74867.8828   83034.8750   81060.0312   71409.3438   71369.2031   63747.6445   70517.3594   84625.1875   68258.1484   70427.6094   66188.4219   73836.3047   71533.4062   87136.0547   81955.7891   66721.4141   84517.7500   77211.1719   73629.5156   57604.8047   73660.2812   
68349.8594   73077.1406   69868.2344   55425.1680   82412.7422   80542.9375   73644.0234   74347.5078   65912.9219   83688.9609   81338.4531   78133.2500   81205.2812   81949.2969   82190.7656   80963.4766   71231.5547   67707.7578   85762.6250   68852.6875   69634.3906   68240.1484   77260.6172   79833.9766   93758.7578   71670.7969   69358.6953   86013.9219   78803.3438   65394.2695   60529.4062   70780.3672   
63088.4258   62588.6719   66540.7266   59353.4219   76839.7344   61646.1406   75418.4453   61748.6953   63473.0430   80088.3750   69183.3828   72091.6484   79522.4844   74291.1406   67325.7344   63702.9805   53548.8203   68240.5469   73530.6719   57720.6641   60581.6250   55543.9688   72734.8828   62065.3047   79100.8203   68057.5938   60280.4375   75659.9922   59750.5000   58134.7812   48413.0820   59059.6094   
70765.1094   84566.6953   83734.0859   76484.8906   95569.6328   93557.1797   95587.9844   83606.3438   84951.6250   110357.5625   98819.4531   97359.6953   94068.8359   93050.4922   86317.5547   82556.6562   75719.1641   88878.1875   98186.0312   73938.3906   88697.2344   81239.1797   95460.2891   87479.5625   101259.6094   102294.9844   83594.2188   109465.8047   88260.0625   75604.1641   64116.9688   78309.4453   
67121.7422   79789.8203   75040.5781   61196.9727   82755.2344   70552.3203   84313.1875   74648.0234   71904.4844   90075.9688   88133.5781   81049.2578   89185.6641   94369.5469   70984.5312   71911.4531   62615.1602   73750.0625   87048.3203   63546.5078   72803.6719   70186.7422   90556.1484   79454.4766   95034.6406   75623.5156   81780.9766   94231.2266   79180.8672   64257.4414   63767.6406   73251.8125   
60645.4609   71433.9766   62633.5156   67782.0000   75453.6719   66345.2578   75743.6250   72070.2266   63729.6758   82128.3516   77545.1250   74817.2188   82972.9922   83446.6875   71560.4219   76156.7188   65410.8242   78347.9766   81310.5156   66953.3906   66745.7812   67369.9219   71690.3594   72155.0391   95950.4219   75784.5078   71285.9453   95344.3906   70954.3438   58579.7031   50608.8008   69276.5703   
69916.6328   80097.3516   81174.1406   66796.1953   86629.4922   83339.1719   77830.1641   76181.5000   70464.6328   96481.1875   84831.7578   84006.5859   90306.4688   85762.1875   82682.8672   75665.0078   67148.2031   83069.2344   85499.9766   68302.0781   71010.8125   72144.5859   85835.3828   80127.9141   92723.1953   74145.4453   81920.5391   88663.2344   81543.3359   65650.4922   58800.0352   67677.3906   
65217.3867   71914.7812   67515.0547   62468.9922   90542.3594   79257.1328   79870.5625   71467.3359   68401.0547   88599.5078   79310.3125   77656.7891   90782.1406   79018.1172   70083.3828   67150.5781   71167.3438   74244.7891   84553.8125   70465.0625   68183.2734   72267.1016   87383.9609   76270.5859   80787.1016   73707.6797   62810.7227   87286.1797   72181.6094   57016.2266   58558.3555   80328.3828   
70499.4219   77108.6875   77176.7031   71274.0234   84994.7344   83018.3125   85065.6328   88170.6953   80852.8125   95100.7891   86298.5625   81973.3828   91447.3906   94211.1250   79221.8516   73098.6953   74184.5078   79444.1562   90715.9062   74118.1562   84146.9141   70280.7031   89080.7031   85527.9531   103002.5156   81272.1797   79399.5859   95593.4688   85200.9531   75713.3047   53163.5898   69459.0547   
90382.1875   104597.5000   94081.7031   89944.7031   118469.1953   100036.1719   114811.6406   100991.3359   93179.3984   123406.4844   113169.4688   106394.0547   121442.7109   120465.6797   97723.9453   96130.5078   94465.7578   106079.5859   118408.5156   96978.4375   95533.8984   92858.6797   107252.7500   101662.3125   127831.1719   108110.5234   99689.4375   124151.0234   105342.3906   89852.0312   84200.1016   102434.4062   
66240.6562   88165.3438   69575.7891   67777.7734   92351.8125   79729.4688   84365.7188   76035.2578   67634.1719   90556.4453   86883.5156   82434.5156   89187.0938   85759.3125   80296.8750   79539.3438   68811.2578   76152.2734   81878.1562   67793.2188   72326.9453   70507.0234   80234.3438   75763.2656   94668.1562   86407.0625   81636.1797   88323.2109   79197.8281   71038.5938   68013.5078   84789.5703   
78901.9766   91662.0234   81277.6875   74303.8438   95127.8516   88737.9062   87885.7109   87087.4766   83028.8125   102444.5938   96215.8438   94436.6484   100669.7656   98970.6094   86926.9219   94579.4297   80646.4375   96002.4844   97627.8203   76428.8594   84711.6875   69888.3672   88495.0781   87426.3750   111911.0391   87737.4219   90454.3984   110614.3594   88119.7109   75565.9922   67604.1328   85753.0156   
76639.1641   92148.2109   84183.4766   75701.6797   95588.0312   83298.4609   97414.4922   90531.3984   81582.3281   102174.5234   99420.2188   89707.4609   103471.5781   110003.3750   90443.1328   75736.5234   74630.4219   82463.0312   98737.0469   76898.8906   83176.1641   83728.8203   95060.3438   89433.7578   112491.3828   87582.3828   90979.6641   101727.3047   97077.4531   81873.0781   70789.9688   84849.9766   
75421.2812   95904.7422   79536.7812   78721.1875   99363.2188   86007.4219   99468.2656   88343.4844   80636.2109   105512.2891   95561.3125   94169.4688   102128.6484   101059.3828   90355.6094   79426.4844   80232.1875   86751.1250   94625.7344   79396.4375   85975.8281   84660.9297   89271.9453   90864.8125   108197.0625   97975.8516   92812.7734   100000.9062   93919.5859   75730.6562   64820.5078   89813.1406   
73181.9297   85046.8203   75149.3359   80480.7266   99109.5703   90295.5000   92048.6250   88468.2734   81787.2734   100983.3906   95701.9531   95892.2578   98296.0234   94420.8359   81507.5781   86145.6562   82907.5859   92913.2109   104069.9609   87063.7109   83855.0078   72860.7656   95505.9375   97786.7266   108774.5703   94190.1016   83924.5859   109189.2891   98217.1875   76900.8281   59067.9648   81038.1094   
71876.7031   84587.3047   73483.7422   79285.5547   93239.5234   79226.8281   94772.2344   90181.4297   82219.0938   99220.9766   92210.5938   88559.7969   101063.7969   104010.5234   83883.3047   75951.5234   79581.7656   81374.3984   99009.7344   79031.3047   84483.4531   74298.7734   89730.0312   89543.6094   112017.8359   83354.9688   84412.8516   100078.7656   93280.5156   73426.8047   60617.4258   86425.8047   
79263.4844   80440.7500   81045.8594   73272.5938   94691.6406   86474.6328   94446.8047   87931.7500   76630.3438   102575.2656   88292.3516   87558.0391   103767.8906   99817.7578   88258.7734   70559.5781   83247.2891   84281.0312   98094.9609   77551.0234   86573.3984   78828.1562   95043.5859   90443.9922   103157.0469   83805.4375   75849.0547   99616.8438   82471.6719   65184.8398   66232.7188   86130.8203   
88326.2891   90740.4531   91710.6328   72233.5469   106326.4766   93723.2109   105862.5000   92680.7578   86436.0391   104591.5312   103766.8203   93175.2188   102928.8594   108410.1328   99379.6484   92955.1094   86221.4844   95225.8516   105896.5938   87927.1641   87605.3828   79563.6875   96179.2031   93213.7188   118051.3828   88438.8125   91322.6875   102698.8125   96242.7891   88304.2188   84351.1562   100279.6250   
57997.7734   72844.0234   57317.9805   67440.3281   80230.8281   68997.2266   75550.6094   73731.4922   69280.8828   79552.6016   81182.5156   74752.0703   85957.4922   80330.3984   70721.2188   69729.4844   70930.2422   76614.7031   82694.3750   69627.7031   70058.3594   65764.9297   74446.0938   77571.9141   89735.8281   73666.6094   71450.9375   87359.7969   78466.4375   63634.1016   46933.6133   76454.4297   
76547.0156   92038.9297   77462.7344   66521.6875   89530.3203   81905.4609   86568.7734   81193.0000   71009.3125   97208.6797   93872.3359   87377.9766   94681.8047   94709.0703   83852.1250   83684.5234   76731.9219   86818.3047   95402.3828   75708.8047   75865.7734   76342.6953   83164.7578   85199.7266   102001.1172   82471.5234   88564.5781   102803.1562   87245.3047   69115.6172   74908.4766   86990.1562   
63814.6992   71467.9375   72621.9531   71657.1562   85552.6875   75503.7188   85561.8516   80725.4922   78868.5625   93910.4922   91526.4922   86603.0000   91569.0859   91627.5234   82000.2891   67348.1484   71336.2891   68692.6250   90681.0234   66681.4844   80948.0312   73977.1094   91315.1094   84033.1406   97606.3906   84973.1953   79258.0703   98950.3672   81001.3828   62040.5938   56431.2266   74951.6172   
57564.8320   77485.9375   68739.2266   62276.6484   81049.8906   81483.2344   79509.6406   76105.7422   71314.6953   93341.7734   85308.6797   83176.3750   84265.0547   88959.6250   84230.7422   75367.8281   72532.8047   72897.8047   85771.8984   70423.6797   74650.4453   75315.1250   74700.6719   86163.3203   96594.5859   84086.8828   78229.5859   86920.8359   81283.7109   60856.5273   57380.5195   73840.2500   
60644.6328   72398.6953   63384.1523   68900.6406   76114.9766   68465.9375   75825.8438   75788.9609   70810.5312   84814.5625   77418.5625   71888.1797   87201.8359   79982.8672   67276.1719   65339.7500   65116.7188   73412.2344   76749.4766   65757.3594   72029.1875   71992.5156   72839.0781   70654.0234   86844.0625   76461.5547   68157.1719   87621.3750   70229.8203   61741.2188   47630.5430   78112.1328   
